rows: 4096
columns: 8

0
0
0
0
0
0
0
0
0
0
0
0
0
0
0
0
0
0
7e
81
a5
81
81
bd
99
81
81
7e
0
0
0
0
0
0
7e
ff
db
ff
ff
c3
e7
ff
ff
7e
0
0
0
0
0
0
0
0
36
7f
7f
7f
7f
3e
1c
8
0
0
0
0
0
0
0
0
8
1c
3e
7f
3e
1c
8
0
0
0
0
0
0
0
0
18
3c
3c
e7
e7
e7
99
18
3c
0
0
0
0
0
0
0
18
3c
7e
ff
ff
7e
18
18
3c
0
0
0
0
0
0
0
0
0
0
18
3c
3c
18
0
0
0
0
0
0
ff
ff
ff
ff
ff
ff
e7
c3
c3
e7
ff
ff
ff
ff
ff
ff
0
0
0
0
0
3c
66
42
42
66
3c
0
0
0
0
0
ff
ff
ff
ff
ff
c3
99
bd
bd
99
c3
ff
ff
ff
ff
ff
0
0
78
70
58
4c
1e
33
33
33
33
1e
0
0
0
0
0
0
3c
66
66
66
66
3c
18
7e
18
18
0
0
0
0
0
0
fc
cc
fc
c
c
c
c
e
f
7
0
0
0
0
0
0
fe
c6
fe
c6
c6
c6
c6
e6
e7
67
3
0
0
0
0
0
0
18
18
db
3c
e7
3c
db
18
18
0
0
0
0
0
1
3
7
f
1f
7f
1f
f
7
3
1
0
0
0
0
0
40
60
70
78
7c
7f
7c
78
70
60
40
0
0
0
0
0
0
18
3c
7e
18
18
18
18
7e
3c
18
0
0
0
0
0
0
66
66
66
66
66
66
66
0
66
66
0
0
0
0
0
0
fe
db
db
db
de
d8
d8
d8
d8
d8
0
0
0
0
0
3e
63
6
1c
36
63
63
36
1c
30
63
3e
0
0
0
0
0
0
0
0
0
0
0
7f
7f
7f
7f
0
0
0
0
0
0
18
3c
7e
18
18
18
18
7e
3c
18
7e
0
0
0
0
0
18
3c
7e
18
18
18
18
18
18
18
0
0
0
0
0
0
18
18
18
18
18
18
18
7e
3c
18
0
0
0
0
0
0
0
0
0
18
30
7f
30
18
0
0
0
0
0
0
0
0
0
0
0
c
6
7f
6
c
0
0
0
0
0
0
0
0
0
0
0
3
3
3
3
7f
0
0
0
0
0
0
0
0
0
0
0
14
36
7f
36
14
0
0
0
0
0
0
0
0
0
0
8
1c
1c
3e
3e
7f
7f
0
0
0
0
0
0
0
0
0
7f
7f
3e
3e
1c
1c
8
0
0
0
0
0
0
0
0
0
0
0
0
0
0
0
0
0
0
0
0
0
0
0
18
3c
3c
3c
18
18
18
0
18
18
0
0
0
0
0
66
66
66
24
0
0
0
0
0
0
0
0
0
0
0
0
0
0
36
36
7f
36
36
36
7f
36
36
0
0
0
0
18
18
3e
63
43
3
3e
60
61
63
3e
18
18
0
0
0
0
0
0
0
43
63
30
18
c
6
63
61
0
0
0
0
0
0
1c
36
36
1c
6e
3b
33
33
33
6e
0
0
0
0
0
c
c
c
6
0
0
0
0
0
0
0
0
0
0
0
0
0
30
18
c
c
c
c
c
c
18
30
0
0
0
0
0
0
c
18
30
30
30
30
30
30
18
c
0
0
0
0
0
0
0
0
0
66
3c
ff
3c
66
0
0
0
0
0
0
0
0
0
0
0
18
18
7e
18
18
0
0
0
0
0
0
0
0
0
0
0
0
0
0
0
18
18
18
c
0
0
0
0
0
0
0
0
0
0
7f
0
0
0
0
0
0
0
0
0
0
0
0
0
0
0
0
0
0
18
18
0
0
0
0
0
0
0
0
40
60
30
18
c
6
3
1
0
0
0
0
0
0
3e
63
63
73
6b
6b
67
63
63
3e
0
0
0
0
0
0
18
1c
1e
18
18
18
18
18
18
7e
0
0
0
0
0
0
3e
63
60
30
18
c
6
3
63
7f
0
0
0
0
0
0
3e
63
60
60
3c
60
60
60
63
3e
0
0
0
0
0
0
30
38
3c
36
33
7f
30
30
30
78
0
0
0
0
0
0
7f
3
3
3
3f
70
60
60
63
3e
0
0
0
0
0
0
1c
6
3
3
3f
63
63
63
63
3e
0
0
0
0
0
0
7f
63
60
60
30
18
c
c
c
c
0
0
0
0
0
0
3e
63
63
63
3e
63
63
63
63
3e
0
0
0
0
0
0
3e
63
63
63
7e
60
60
60
30
1e
0
0
0
0
0
0
0
0
18
18
0
0
0
18
18
0
0
0
0
0
0
0
0
0
18
18
0
0
0
18
18
c
0
0
0
0
0
0
0
60
30
18
c
6
c
18
30
60
0
0
0
0
0
0
0
0
0
0
7f
0
0
7f
0
0
0
0
0
0
0
0
0
6
c
18
30
60
30
18
c
6
0
0
0
0
0
0
3e
63
63
30
18
18
18
0
18
18
0
0
0
0
0
0
0
3e
63
63
7b
7b
7b
3b
3
3e
0
0
0
0
0
0
8
1c
36
63
63
7f
63
63
63
63
0
0
0
0
0
0
3f
66
66
66
3e
66
66
66
66
3f
0
0
0
0
0
0
3c
66
43
3
3
3
3
43
66
3c
0
0
0
0
0
0
1f
36
66
66
66
66
66
66
36
1f
0
0
0
0
0
0
7f
66
46
16
1e
16
6
46
66
7f
0
0
0
0
0
0
7f
66
46
16
1e
16
6
6
6
f
0
0
0
0
0
0
3c
66
43
3
3
7b
63
63
66
5c
0
0
0
0
0
0
63
63
63
63
7f
63
63
63
63
63
0
0
0
0
0
0
3c
18
18
18
18
18
18
18
18
3c
0
0
0
0
0
0
78
30
30
30
30
30
33
33
33
1e
0
0
0
0
0
0
67
66
36
36
1e
1e
36
66
66
67
0
0
0
0
0
0
f
6
6
6
6
6
6
46
66
7f
0
0
0
0
0
0
63
77
7f
7f
6b
63
63
63
63
63
0
0
0
0
0
0
63
67
6f
7f
7b
73
63
63
63
63
0
0
0
0
0
0
1c
36
63
63
63
63
63
63
36
1c
0
0
0
0
0
0
3f
66
66
66
3e
6
6
6
6
f
0
0
0
0
0
0
3e
63
63
63
63
63
63
6b
7b
3e
30
70
0
0
0
0
3f
66
66
66
3e
36
66
66
66
67
0
0
0
0
0
0
3e
63
63
6
1c
30
60
63
63
3e
0
0
0
0
0
0
7e
7e
5a
18
18
18
18
18
18
3c
0
0
0
0
0
0
63
63
63
63
63
63
63
63
63
3e
0
0
0
0
0
0
63
63
63
63
63
63
63
36
1c
8
0
0
0
0
0
0
63
63
63
63
63
6b
6b
7f
36
36
0
0
0
0
0
0
63
63
36
36
1c
1c
36
36
63
63
0
0
0
0
0
0
66
66
66
66
3c
18
18
18
18
3c
0
0
0
0
0
0
7f
63
61
30
18
c
6
43
63
7f
0
0
0
0
0
0
3c
c
c
c
c
c
c
c
c
3c
0
0
0
0
0
0
0
1
3
7
e
1c
38
70
60
40
0
0
0
0
0
0
3c
30
30
30
30
30
30
30
30
3c
0
0
0
0
8
1c
36
63
0
0
0
0
0
0
0
0
0
0
0
0
0
0
0
0
0
0
0
0
0
0
0
0
0
ff
0
0
c
c
18
0
0
0
0
0
0
0
0
0
0
0
0
0
0
0
0
0
0
1e
30
3e
33
33
33
6e
0
0
0
0
0
0
7
6
6
1e
36
66
66
66
66
3b
0
0
0
0
0
0
0
0
0
3e
63
3
3
3
63
3e
0
0
0
0
0
0
38
30
30
3c
36
33
33
33
33
6e
0
0
0
0
0
0
0
0
0
3e
63
7f
3
3
63
3e
0
0
0
0
0
0
1c
36
26
6
f
6
6
6
6
f
0
0
0
0
0
0
0
0
0
6e
33
33
33
33
33
3e
30
33
1e
0
0
0
7
6
6
36
6e
66
66
66
66
67
0
0
0
0
0
0
18
18
0
1c
18
18
18
18
18
3c
0
0
0
0
0
0
60
60
0
70
60
60
60
60
60
60
66
66
3c
0
0
0
7
6
6
66
36
1e
1e
36
66
67
0
0
0
0
0
0
1c
18
18
18
18
18
18
18
18
3c
0
0
0
0
0
0
0
0
0
37
7f
6b
6b
6b
6b
6b
0
0
0
0
0
0
0
0
0
3b
66
66
66
66
66
66
0
0
0
0
0
0
0
0
0
3e
63
63
63
63
63
3e
0
0
0
0
0
0
0
0
0
3b
66
66
66
66
66
3e
6
6
f
0
0
0
0
0
0
6e
33
33
33
33
33
3e
30
30
78
0
0
0
0
0
0
3b
6e
46
6
6
6
f
0
0
0
0
0
0
0
0
0
3e
63
6
1c
30
63
3e
0
0
0
0
0
0
8
c
c
3f
c
c
c
c
6c
38
0
0
0
0
0
0
0
0
0
33
33
33
33
33
33
6e
0
0
0
0
0
0
0
0
0
66
66
66
66
66
3c
18
0
0
0
0
0
0
0
0
0
63
63
63
6b
6b
7f
36
0
0
0
0
0
0
0
0
0
63
36
1c
1c
1c
36
63
0
0
0
0
0
0
0
0
0
63
63
63
63
63
63
7e
60
30
1f
0
0
0
0
0
0
7f
33
18
c
6
63
7f
0
0
0
0
0
0
70
18
18
18
e
18
18
18
18
70
0
0
0
0
0
0
18
18
18
18
0
18
18
18
18
18
0
0
0
0
0
0
e
18
18
18
70
18
18
18
18
e
0
0
0
0
0
0
6e
3b
0
0
0
0
0
0
0
0
0
0
0
0
0
0
0
0
8
1c
36
63
63
63
7f
0
0
0
0
0
0
0
3c
66
43
3
3
3
43
66
3c
30
60
3e
0
0
0
0
33
33
0
33
33
33
33
33
33
6e
0
0
0
0
0
30
18
c
0
3e
63
7f
3
3
63
3e
0
0
0
0
0
8
1c
36
0
1e
30
3e
33
33
33
6e
0
0
0
0
0
0
33
33
0
1e
30
3e
33
33
33
6e
0
0
0
0
0
6
c
18
0
1e
30
3e
33
33
33
6e
0
0
0
0
0
1c
36
1c
0
1e
30
3e
33
33
33
6e
0
0
0
0
0
0
0
0
3c
66
6
6
66
3c
30
60
3c
0
0
0
0
8
1c
36
0
3e
63
7f
3
3
63
3e
0
0
0
0
0
0
63
63
0
3e
63
7f
3
3
63
3e
0
0
0
0
0
6
c
18
0
3e
63
7f
3
3
63
3e
0
0
0
0
0
0
66
66
0
1c
18
18
18
18
18
3c
0
0
0
0
0
18
3c
66
0
1c
18
18
18
18
18
3c
0
0
0
0
0
6
c
18
0
1c
18
18
18
18
18
3c
0
0
0
0
0
63
63
8
1c
36
63
63
7f
63
63
63
0
0
0
0
1c
36
1c
0
1c
36
63
63
7f
63
63
63
0
0
0
0
18
c
6
0
7f
66
6
3e
6
6
66
7f
0
0
0
0
0
0
0
0
0
33
6e
6c
7e
1b
1b
76
0
0
0
0
0
0
7c
36
33
33
7f
33
33
33
33
73
0
0
0
0
0
8
1c
36
0
3e
63
63
63
63
63
3e
0
0
0
0
0
0
63
63
0
3e
63
63
63
63
63
3e
0
0
0
0
0
6
c
18
0
3e
63
63
63
63
63
3e
0
0
0
0
0
c
1e
33
0
33
33
33
33
33
33
6e
0
0
0
0
0
6
c
18
0
33
33
33
33
33
33
6e
0
0
0
0
0
0
63
63
0
63
63
63
63
63
63
7e
60
30
1e
0
0
63
63
0
1c
36
63
63
63
63
36
1c
0
0
0
0
0
63
63
0
63
63
63
63
63
63
63
3e
0
0
0
0
0
18
18
3c
66
6
6
6
66
3c
18
18
0
0
0
0
0
1c
36
26
6
f
6
6
6
6
67
3f
0
0
0
0
0
0
66
66
3c
18
7e
18
7e
18
18
18
0
0
0
0
0
1f
33
33
1f
23
33
7b
33
33
33
63
0
0
0
0
0
70
d8
18
18
18
7e
18
18
18
18
18
1b
e
0
0
0
18
c
6
0
1e
30
3e
33
33
33
6e
0
0
0
0
0
30
18
c
0
1c
18
18
18
18
18
3c
0
0
0
0
0
18
c
6
0
3e
63
63
63
63
63
3e
0
0
0
0
0
18
c
6
0
33
33
33
33
33
33
6e
0
0
0
0
0
0
6e
3b
0
3b
66
66
66
66
66
66
0
0
0
0
6e
3b
0
63
67
6f
7f
7b
73
63
63
63
0
0
0
0
0
3c
36
36
7c
0
7e
0
0
0
0
0
0
0
0
0
0
1c
36
36
1c
0
3e
0
0
0
0
0
0
0
0
0
0
0
c
c
0
c
c
6
3
63
63
3e
0
0
0
0
0
0
0
0
0
0
7f
3
3
3
3
0
0
0
0
0
0
0
0
0
0
0
7f
60
60
60
60
0
0
0
0
0
0
3
3
43
63
33
18
c
6
73
c9
60
30
f8
0
0
0
3
3
43
63
33
18
c
66
73
59
fc
60
f0
0
0
0
0
18
18
0
18
18
18
3c
3c
3c
18
0
0
0
0
0
0
0
0
0
cc
66
33
66
cc
0
0
0
0
0
0
0
0
0
0
0
33
66
cc
66
33
0
0
0
0
0
0
88
22
88
22
88
22
88
22
88
22
88
22
88
22
88
22
aa
55
aa
55
aa
55
aa
55
aa
55
aa
55
aa
55
aa
55
bb
ee
bb
ee
bb
ee
bb
ee
bb
ee
bb
ee
bb
ee
bb
ee
18
18
18
18
18
18
18
18
18
18
18
18
18
18
18
18
18
18
18
18
18
18
18
1f
18
18
18
18
18
18
18
18
18
18
18
18
18
1f
18
1f
18
18
18
18
18
18
18
18
6c
6c
6c
6c
6c
6c
6c
6f
6c
6c
6c
6c
6c
6c
6c
6c
0
0
0
0
0
0
0
7f
6c
6c
6c
6c
6c
6c
6c
6c
0
0
0
0
0
1f
18
1f
18
18
18
18
18
18
18
18
6c
6c
6c
6c
6c
6f
60
6f
6c
6c
6c
6c
6c
6c
6c
6c
6c
6c
6c
6c
6c
6c
6c
6c
6c
6c
6c
6c
6c
6c
6c
6c
0
0
0
0
0
7f
60
6f
6c
6c
6c
6c
6c
6c
6c
6c
6c
6c
6c
6c
6c
6f
60
7f
0
0
0
0
0
0
0
0
6c
6c
6c
6c
6c
6c
6c
7f
0
0
0
0
0
0
0
0
18
18
18
18
18
1f
18
1f
0
0
0
0
0
0
0
0
0
0
0
0
0
0
0
1f
18
18
18
18
18
18
18
18
18
18
18
18
18
18
18
f8
0
0
0
0
0
0
0
0
18
18
18
18
18
18
18
ff
0
0
0
0
0
0
0
0
0
0
0
0
0
0
0
ff
18
18
18
18
18
18
18
18
18
18
18
18
18
18
18
f8
18
18
18
18
18
18
18
18
0
0
0
0
0
0
0
ff
0
0
0
0
0
0
0
0
18
18
18
18
18
18
18
ff
18
18
18
18
18
18
18
18
18
18
18
18
18
f8
18
f8
18
18
18
18
18
18
18
18
6c
6c
6c
6c
6c
6c
6c
ec
6c
6c
6c
6c
6c
6c
6c
6c
6c
6c
6c
6c
6c
ec
c
fc
0
0
0
0
0
0
0
0
0
0
0
0
0
fc
c
ec
6c
6c
6c
6c
6c
6c
6c
6c
6c
6c
6c
6c
6c
ef
0
ff
0
0
0
0
0
0
0
0
0
0
0
0
0
ff
0
ef
6c
6c
6c
6c
6c
6c
6c
6c
6c
6c
6c
6c
6c
ec
c
ec
6c
6c
6c
6c
6c
6c
6c
6c
0
0
0
0
0
ff
0
ff
0
0
0
0
0
0
0
0
6c
6c
6c
6c
6c
ef
0
ef
6c
6c
6c
6c
6c
6c
6c
6c
18
18
18
18
18
ff
0
ff
0
0
0
0
0
0
0
0
6c
6c
6c
6c
6c
6c
6c
ff
0
0
0
0
0
0
0
0
0
0
0
0
0
ff
0
ff
18
18
18
18
18
18
18
18
0
0
0
0
0
0
0
ff
6c
6c
6c
6c
6c
6c
6c
6c
6c
6c
6c
6c
6c
6c
6c
fc
0
0
0
0
0
0
0
0
18
18
18
18
18
f8
18
f8
0
0
0
0
0
0
0
0
0
0
0
0
0
f8
18
f8
18
18
18
18
18
18
18
18
0
0
0
0
0
0
0
fc
6c
6c
6c
6c
6c
6c
6c
6c
6c
6c
6c
6c
6c
6c
6c
ff
6c
6c
6c
6c
6c
6c
6c
6c
18
18
18
18
18
ff
18
ff
18
18
18
18
18
18
18
18
18
18
18
18
18
18
18
1f
0
0
0
0
0
0
0
0
0
0
0
0
0
0
0
f8
18
18
18
18
18
18
18
18
ff
ff
ff
ff
ff
ff
ff
ff
ff
ff
ff
ff
ff
ff
ff
ff
0
0
0
0
0
0
0
ff
ff
ff
ff
ff
ff
ff
ff
ff
f
f
f
f
f
f
f
f
f
f
f
f
f
f
f
f
f0
f0
f0
f0
f0
f0
f0
f0
f0
f0
f0
f0
f0
f0
f0
f0
ff
ff
ff
ff
ff
ff
ff
0
0
0
0
0
0
0
0
0
0
0
0
0
0
6e
3b
1b
1b
1b
3b
6e
0
0
0
0
0
0
0
0
0
3f
63
3f
63
63
3f
3
3
3
0
0
0
0
7f
63
63
3
3
3
3
3
3
3
0
0
0
0
0
0
0
0
1
7f
36
36
36
36
36
36
0
0
0
0
0
0
0
7f
63
6
c
18
c
6
63
7f
0
0
0
0
0
0
0
0
0
7e
1b
1b
1b
1b
1b
e
0
0
0
0
0
0
0
0
66
66
66
66
66
3e
6
6
3
0
0
0
0
0
0
0
6e
3b
18
18
18
18
18
18
0
0
0
0
0
0
0
7e
18
3c
66
66
66
3c
18
7e
0
0
0
0
0
0
0
1c
36
63
63
7f
63
63
36
1c
0
0
0
0
0
0
1c
36
63
63
63
36
36
36
36
77
0
0
0
0
0
0
78
c
18
30
7c
66
66
66
66
3c
0
0
0
0
0
0
0
0
0
7e
db
db
db
7e
0
0
0
0
0
0
0
0
0
c0
60
7e
f3
db
cf
7e
6
3
0
0
0
0
0
0
38
c
6
6
3e
6
6
6
c
38
0
0
0
0
0
0
0
3e
63
63
63
63
63
63
63
63
0
0
0
0
0
0
0
0
7f
0
0
7f
0
0
7f
0
0
0
0
0
0
0
0
0
18
18
7e
18
18
0
0
ff
0
0
0
0
0
0
0
c
18
30
60
30
18
c
0
7e
0
0
0
0
0
0
0
30
18
c
6
c
18
30
0
7e
0
0
0
0
0
0
70
d8
d8
18
18
18
18
18
18
18
18
18
18
18
18
18
18
18
18
18
18
18
1b
1b
1b
e
0
0
0
0
0
0
0
0
18
18
0
7e
0
18
18
0
0
0
0
0
0
0
0
0
0
6e
3b
0
6e
3b
0
0
0
0
0
0
0
1c
36
36
1c
0
0
0
0
0
0
0
0
0
0
0
0
0
0
0
0
0
0
18
18
0
0
0
0
0
0
0
0
0
0
0
0
0
0
0
18
0
0
0
0
0
0
0
0
f0
30
30
30
30
30
37
36
36
3c
38
0
0
0
0
0
1b
36
36
36
36
36
0
0
0
0
0
0
0
0
0
0
e
19
c
6
13
1f
0
0
0
0
0
0
0
0
0
0
0
0
0
3e
3e
3e
3e
3e
3e
3e
0
0
0
0
0
0
0
0
0
0
0
0
0
0
0
0
0
0
0
0
0
